"price","year","mileage","diesel","hybrid","mt","front.drive","rear.drive","engine.power","engine.capacity","sedan","hatchback","wagon","coupe","cabriolet","minivan","pickup"
"1",1490000,2012,30000,0,0,0,0,1,184,1.8,0,0,0,1,0,0,0
"2",1320000,2011,72088,0,0,0,0,0,272,3.5,1,0,0,0,0,0,0
"3",1399000,2012,42500,0,0,0,0,1,184,1.8,1,0,0,0,0,0,0
"4",1125000,2010,23000,0,0,0,0,1,184,1.8,1,0,0,0,0,0,0
"5",1249000,2012,48000,0,0,0,0,1,184,1.8,0,0,0,1,0,0,0
"6",1180000,2010,88500,0,0,0,0,1,231,3,1,0,0,0,0,0,0
"7",1070000,2010,77000,0,0,0,0,1,184,1.8,1,0,0,0,0,0,0
"8",950000,2010,131000,0,0,0,0,1,184,1.8,1,0,0,0,0,0,0
"9",1400000,2011,81000,0,0,0,0,1,204,1.8,0,0,0,1,0,0,0
"10",1350000,2012,22169,0,0,0,0,1,184,1.8,1,0,0,0,0,0,0
"11",1200000,2010,90000,0,0,0,0,1,184,1.8,1,0,0,0,0,0,0
"12",1220000,2012,85000,0,0,0,0,1,184,1.8,1,0,0,0,0,0,0
"13",1100000,2011,53000,0,0,0,0,1,204,1.8,1,0,0,0,0,0,0
"14",1300000,2012,83200,0,0,0,0,1,184,1.8,0,0,1,0,0,0,0
"15",999000,2012,80000,0,0,0,0,1,184,1.8,1,0,0,0,0,0,0
"16",1190000,2010,123000,1,0,0,0,0,265,3,1,0,0,0,0,0,0
"17",1030000,2010,92000,0,0,0,0,1,184,1.8,1,0,0,0,0,0,0
"18",1100000,2010,110000,0,0,0,0,1,204,1.8,0,0,0,1,0,0,0
"19",1399000,2010,38100,0,0,0,0,1,231,3,1,0,0,0,0,0,0
"20",1050000,2012,160000,0,0,0,0,1,184,1.8,1,0,0,0,0,0,0
"21",1150000,2012,99000,0,0,0,0,1,245,3,1,0,0,0,0,0,0
"22",1200000,2012,47000,0,0,0,0,1,184,1.8,1,0,0,0,0,0,0
"23",1150000,2011,72000,0,0,0,0,1,184,1.8,1,0,0,0,0,0,0
"24",1099000,2010,78000,1,0,0,0,1,231,3,1,0,0,0,0,0,0
"25",1155000,2012,66000,0,0,0,0,1,184,1.8,1,0,0,0,0,0,0
"26",1097000,2010,83000,1,0,0,0,1,204,2.1,1,0,0,0,0,0,0
"27",1150000,2012,43000,0,0,0,0,1,184,1.8,1,0,0,0,0,0,0
"28",1325000,2012,73000,0,0,0,0,1,245,3,1,0,0,0,0,0,0
"29",1379900,2012,88000,0,0,0,0,1,245,3,1,0,0,0,0,0,0
"30",1070000,2010,90000,0,0,0,0,1,184,1.8,1,0,0,0,0,0,0
"31",1235000,2010,86000,0,0,0,0,0,272,3.5,1,0,0,0,0,0,0
"32",1400000,2012,80888,0,0,0,0,0,306,3.5,1,0,0,0,0,0,0
"33",1200000,2012,1e+05,0,0,0,0,1,184,1.8,1,0,0,0,0,0,0
"34",1111111,2011,99000,0,0,0,0,1,184,1.8,1,0,0,0,0,0,0
"35",948000,2010,57000,1,0,0,0,1,170,2.1,1,0,0,0,0,0,0
"36",1140000,2011,93000,0,0,0,0,1,204,1.8,1,0,0,0,0,0,0
"37",1445000,2012,93000,0,0,0,0,0,306,3.5,1,0,0,0,0,0,0
"38",1399000,2011,118000,0,0,0,0,0,306,3.5,1,0,0,0,0,0,0
"39",1099000,2011,59000,0,0,0,0,1,184,1.8,1,0,0,0,0,0,0
"40",1120000,2010,113000,0,0,0,0,1,184,1.8,1,0,0,0,0,0,0
"41",1150000,2010,95000,0,0,0,0,1,231,3,1,0,0,0,0,0,0
"42",799000,2012,110000,0,0,0,0,1,184,1.8,1,0,0,0,0,0,0
"43",1050000,2010,110000,0,0,0,0,1,184,2,1,0,0,0,0,0,0
"44",1407000,2012,55000,0,0,0,0,0,252,3.5,1,0,0,0,0,0,0
"45",1299000,2011,80000,0,0,0,0,0,272,3.5,1,0,0,0,0,0,0
"46",1195000,2011,75000,0,0,0,0,0,272,3.5,1,0,0,0,0,0,0
"47",1050000,2011,80000,0,0,0,0,1,184,1.8,1,0,0,0,0,0,0
"48",1190000,2011,70000,0,0,0,1,0,184,2,0,0,0,1,0,0,0
"49",1100000,2011,50000,0,0,0,0,1,204,1.8,1,0,0,0,0,0,0
"50",1339000,2012,85000,0,0,0,0,1,184,1.8,1,0,0,0,0,0,0
"51",950000,2010,130000,0,0,0,0,1,184,1.8,1,0,0,0,0,0,0
"52",1320000,2012,90000,0,0,0,0,1,204,1.8,1,0,0,0,0,0,0
"53",1320000,2011,70000,0,0,0,0,0,272,3.5,1,0,0,0,0,0,0
"54",1100000,2010,80000,0,0,0,0,1,184,2,1,0,0,0,0,0,0
"55",950000,2010,70000,0,0,0,0,1,184,2,1,0,0,0,0,0,0
"56",1190000,2011,110000,0,0,0,0,1,184,2,1,0,0,0,0,0,0
"57",1400000,2011,5000,0,0,0,0,1,184,1.8,1,0,0,0,0,0,0
"58",1050000,2011,75000,0,0,0,0,1,184,1.8,1,0,0,0,0,0,0
"59",1200000,2010,40000,0,0,0,0,1,186,2,0,0,0,1,0,0,0
"60",1100000,2012,50000,0,0,0,0,1,184,2,0,0,0,1,0,0,0
"61",1050000,2011,60000,0,0,0,0,1,184,1.8,0,0,0,1,0,0,0
"62",1400000,2012,40000,0,0,0,0,1,184,1.8,1,0,0,0,0,0,0
"63",1299000,2013,55000,0,0,0,0,1,184,2,1,0,0,0,0,0,0
"64",1440000,2013,55000,0,0,0,0,1,184,1.8,1,0,0,0,0,0,0
"65",1450000,2012,80000,0,0,0,0,1,184,2,1,0,0,0,0,0,0
"66",1410000,2013,95000,0,0,0,0,0,306,3.6,1,0,0,0,0,0,0
"67",1350000,2011,70000,0,0,0,0,1,204,2,1,0,0,0,0,0,0
"68",950000,2010,1e+05,0,0,0,0,1,204,1.8,0,0,0,1,0,0,0
"69",815000,2011,85000,0,0,0,0,0,272,3.5,1,0,0,0,0,0,0
"70",1200000,2012,45000,0,0,0,0,1,184,2,1,0,0,0,0,0,0
"71",1249000,2012,45000,0,0,0,0,1,184,1.8,0,0,0,1,0,0,0
"72",979777,2010,130000,1,0,0,0,1,204,2.2,1,0,0,0,0,0,0
"73",1200000,2010,90000,0,0,0,0,1,184,1.8,1,0,0,0,0,0,0
"74",1450000,2013,45000,0,0,0,0,1,184,2,1,0,0,0,0,0,0
"75",1125000,2010,20000,0,0,0,0,1,184,1.8,1,0,0,0,0,0,0
"76",1170000,2010,110000,1,0,0,0,1,231,3.5,1,0,0,0,0,0,0
"77",1300000,2010,85000,0,0,0,0,1,204,1.8,0,0,0,1,0,0,0
"78",850000,2010,270000,0,0,0,0,1,184,1.8,1,0,0,0,0,0,0
"79",1290000,2012,70000,0,0,0,1,0,184,1.8,1,0,0,0,0,0,0
"80",1210000,2010,50000,0,0,0,0,1,184,1.8,0,0,0,1,0,0,0
"81",1150000,2012,1e+05,0,0,0,0,1,184,2,1,0,0,0,0,0,0
"82",1100000,2011,60000,0,0,0,0,1,204,1.8,0,0,0,1,0,0,0
"83",1170000,2011,70000,0,0,0,0,1,184,1.8,1,0,0,0,0,0,0
"84",1150000,2010,60000,0,0,0,0,1,204,1.8,0,0,0,1,0,0,0
"85",1300000,2012,80000,0,0,0,0,1,184,1.8,0,0,1,0,0,0,0
"86",1300000,2011,50000,0,0,0,0,1,204,2,0,0,0,1,0,0,0
"87",1450000,2012,65000,0,0,0,0,1,185,2.5,0,0,0,1,0,0,0
"88",1230000,2010,91000,0,0,0,0,1,184,1.8,1,0,0,0,0,0,0
"89",980000,2010,129000,0,0,0,0,1,204,1.8,1,0,0,0,0,0,0
"90",1250000,2011,50000,0,0,0,0,1,184,1.8,1,0,0,0,0,0,0
"91",1149000,2010,129000,0,0,0,0,0,272,3.5,1,0,0,0,0,0,0
"92",1270000,2010,70000,0,0,0,0,1,231,3,1,0,0,0,0,0,0
"93",1050000,2011,82000,0,0,0,0,1,184,1.8,1,0,0,0,0,0,0
"94",1330000,2011,89366,0,0,0,0,1,204,1.8,0,0,0,1,0,0,0
"95",1290000,2012,99000,0,0,0,0,1,184,1.8,1,0,0,0,0,0,0
"96",1070000,2010,92000,0,0,0,0,1,184,1.8,1,0,0,0,0,0,0
"97",1320000,2010,92000,0,0,0,0,1,231,3,1,0,0,0,0,0,0
"98",1100000,2010,76000,0,0,0,0,1,184,1.8,1,0,0,0,0,0,0
"99",1195000,2012,85000,0,0,0,0,1,184,1.8,0,0,0,1,0,0,0
"100",1150000,2010,70000,0,0,0,0,1,204,1.8,0,0,0,1,0,0,0
"101",1200000,2010,106000,0,0,0,0,0,272,3.5,1,0,0,0,0,0,0
"102",1200000,2012,90000,0,0,0,0,1,184,1.8,1,0,0,0,0,0,0
"103",1140000,2010,170000,0,0,0,0,0,272,3.5,1,0,0,0,0,0,0
"104",1350000,2012,42000,0,0,0,0,1,184,1.8,1,0,0,0,0,0,0
"105",1440000,2013,59610,0,0,0,0,1,184,2,1,0,0,0,0,0,0
"106",1125000,2011,59500,0,0,0,0,1,184,1.8,1,0,0,0,0,0,0
"107",1300000,2012,46000,0,0,0,0,1,184,1.8,1,0,0,0,0,0,0
"108",1200000,2012,47000,0,0,0,0,1,184,1.8,1,0,0,0,0,0,0
"109",970000,2011,70000,0,0,0,0,1,184,1.8,1,0,0,0,0,0,0
"110",1499000,2012,23000,0,0,0,0,1,184,1.8,1,0,0,0,0,0,0
"111",999000,2011,1e+05,0,0,0,0,1,184,1.8,1,0,0,0,0,0,0
"112",1299000,2011,85000,0,0,0,0,0,272,3.5,1,0,0,0,0,0,0
"113",1195000,2011,78000,0,0,0,0,0,272,3.5,1,0,0,0,0,0,0
"114",1220000,2012,71000,0,0,0,0,1,184,1.8,1,0,0,0,0,0,0
"115",1280000,2011,65000,0,0,0,0,1,184,1.8,1,0,0,0,0,0,0
"116",1290000,2011,60000,0,0,0,0,1,204,1.8,0,0,0,1,0,0,0
"117",1300000,2012,107000,0,0,0,0,1,184,1.8,1,0,0,0,0,0,0
"118",1349000,2012,14000,0,0,0,0,1,184,1.8,1,0,0,0,0,0,0
"119",1e+06,2010,75695,0,0,0,0,1,184,1.8,0,0,0,1,0,0,0
"120",1420000,2013,46000,0,0,0,0,1,184,1.8,1,0,0,0,0,0,0
"121",1100000,2011,73000,0,0,0,0,1,184,1.8,1,0,0,0,0,0,0
"122",950000,2012,30000,0,0,0,0,1,184,2,1,0,0,0,0,0,0
"123",1150000,2010,98000,0,0,0,0,1,231,3,1,0,0,0,0,0,0
"124",1160000,2011,41000,0,0,0,0,1,184,1.8,1,0,0,0,0,0,0
"125",1400000,2011,47000,0,0,0,0,1,231,3,1,0,0,0,0,0,0
"126",1270000,2011,125000,0,0,0,0,1,231,3,1,0,0,0,0,0,0
"127",1100000,2011,97000,0,0,0,0,1,184,1.8,1,0,0,0,0,0,0
"128",1190000,2011,119000,0,0,0,0,1,184,1.8,1,0,0,0,0,0,0
"129",1300000,2012,79000,0,0,0,0,1,184,1.8,1,0,0,0,0,0,0
"130",1199000,2013,65000,0,0,0,0,1,184,1.8,1,0,0,0,0,0,0
"131",840000,2010,153000,0,0,0,0,1,184,1.8,1,0,0,0,0,0,0
"132",1320000,2011,85000,0,0,0,0,1,204,1.8,1,0,0,0,0,0,0
"133",1350000,2012,55000,0,0,0,0,1,184,1.8,1,0,0,0,0,0,0
"134",1239000,2012,75700,0,0,0,0,1,184,1.8,0,0,0,1,0,0,0
"135",960000,2010,144170,0,0,0,0,1,184,1.8,1,0,0,0,0,0,0
"136",1450000,2011,74500,0,0,0,0,0,306,3.5,1,0,0,0,0,0,0
"137",1250000,2012,30959,0,0,0,0,1,184,1.8,1,0,0,0,0,0,0
"138",1450000,2012,35000,0,0,0,0,1,184,1.8,1,0,0,0,0,0,0
"139",1359000,2011,81000,0,0,0,0,0,272,3.5,0,0,1,0,0,0,0
"140",1150000,2012,109000,0,0,0,0,1,184,1.8,1,0,0,0,0,0,0
"141",1180000,2010,79000,0,0,0,0,1,184,1.8,1,0,0,0,0,0,0
"142",1250000,2010,80000,0,0,0,0,1,231,3,1,0,0,0,0,0,0
"143",1070000,2010,77700,0,0,0,0,0,272,3.5,1,0,0,0,0,0,0
"144",1100000,2010,82000,0,0,0,0,1,184,1.8,1,0,0,0,0,0,0
"145",1040000,2011,60000,0,0,0,0,1,184,1.8,0,0,0,1,0,0,0
"146",1300000,2011,98000,0,0,0,0,1,231,3,1,0,0,0,0,0,0
"147",1290000,2012,75000,0,0,0,0,1,184,1.8,1,0,0,0,0,0,0
"148",1490000,2012,75000,0,0,0,0,0,306,3.5,1,0,0,0,0,0,0
"149",1320000,2012,94000,0,0,0,0,1,184,1.8,1,0,0,0,0,0,0
"150",1450000,2012,83500,0,0,0,0,1,184,1.8,1,0,0,0,0,0,0
"151",1500000,2011,89000,0,0,0,0,0,306,3.5,1,0,0,0,0,0,0
"152",1200000,2011,115000,0,0,0,0,1,204,1.8,0,0,0,1,0,0,0
"153",1290000,2012,58000,0,0,0,0,1,184,1.8,1,0,0,0,0,0,0
"154",1e+06,2010,72000,0,0,0,0,1,184,1.8,1,0,0,0,0,0,0
"155",1400000,2012,44000,0,0,0,0,1,184,1.8,1,0,0,0,0,0,0
"156",1220000,2012,99000,0,0,0,0,1,184,1.8,1,0,0,0,0,0,0
"157",1100000,2012,210525,0,0,0,0,1,184,1.8,1,0,0,0,0,0,0
"158",1200000,2011,96000,0,0,0,0,0,292,3.5,1,0,0,0,0,0,0
"159",1100000,2010,55000,0,0,0,0,1,184,1.8,1,0,0,0,0,0,0
"160",1360000,2010,50500,0,0,0,0,0,272,3.5,1,0,0,0,0,0,0
"161",1460000,2013,72000,0,0,0,0,1,184,1.8,0,0,0,1,0,0,0
"162",965000,2011,83000,0,0,0,0,1,184,1.8,1,0,0,0,0,0,0
"163",1220000,2011,161000,0,0,0,0,0,306,3.5,1,0,0,0,0,0,0
"164",1500000,2011,1e+05,0,0,0,0,0,184,1.8,1,0,0,0,0,0,0
"165",1250000,2010,95000,0,0,0,0,1,184,1.8,1,0,0,0,0,0,0
"166",1295000,2010,119000,1,0,0,0,0,231,3,1,0,0,0,0,0,0
"167",1390000,2014,56000,0,0,0,0,1,184,2,1,0,0,0,0,0,0
"168",930000,2011,58000,0,0,0,0,1,184,1.8,1,0,0,0,0,0,0
"169",1190000,2011,74000,0,0,0,0,1,184,1.8,0,0,0,1,0,0,0
"170",1400000,2012,15500,0,0,0,0,0,306,3.5,1,0,0,0,0,0,0
"171",1350000,2012,36000,0,0,0,0,1,184,1.8,0,0,0,1,0,0,0
"172",1199000,2010,75000,0,0,0,0,1,231,3,1,0,0,0,0,0,0
"173",1200000,2011,102705,0,0,0,0,0,272,3.5,1,0,0,0,0,0,0
"174",1300000,2012,94000,0,0,0,0,1,252,3.5,1,0,0,0,0,0,0
"175",1150000,2011,110000,0,0,0,0,1,184,1.8,1,0,0,0,0,0,0
"176",1200000,2011,78000,0,0,0,0,1,184,1.8,1,0,0,0,0,0,0
"177",1280000,2011,87500,0,0,0,0,0,272,3.5,1,0,0,0,0,0,0
"178",1500000,2011,24000,0,0,0,0,1,184,1.8,0,0,0,1,0,0,0
"179",1220000,2012,69000,0,0,0,0,1,184,1.8,1,0,0,0,0,0,0
"180",1450000,2013,49000,0,0,0,0,1,184,1.8,1,0,0,0,0,0,0
"181",1100000,2011,50000,0,0,0,0,1,231,3,1,0,0,0,0,0,0
"182",1180000,2011,54000,0,0,0,0,1,184,1.8,1,0,0,0,0,0,0
"183",1350000,2011,72000,0,0,0,0,1,204,1.8,1,0,0,0,0,0,0
"184",1450000,2012,30000,0,0,0,0,1,184,1.8,1,0,0,0,0,0,0
"185",1149000,2012,72000,0,0,0,0,1,184,1.8,0,0,0,1,0,0,0
"186",1500000,2013,24000,0,0,0,0,1,184,1.8,1,0,0,0,0,0,0
"187",1050000,2010,114800,1,0,0,0,1,204,2.1,1,0,0,0,0,0,0
"188",1150000,2010,116000,0,0,0,0,0,272,3.5,1,0,0,0,0,0,0
"189",1270000,2010,105000,0,0,0,0,1,184,1.8,1,0,0,0,0,0,0
"190",1e+06,2010,102000,0,0,0,0,1,184,1.8,1,0,0,0,0,0,0
"191",1250000,2011,35800,0,0,0,0,1,184,1.8,1,0,0,0,0,0,0
"192",1180000,2011,128000,0,0,0,0,1,184,1.8,1,0,0,0,0,0,0
"193",1200000,2011,130000,0,0,0,0,1,231,3,1,0,0,0,0,0,0
"194",1500000,2010,110000,1,0,0,0,1,231,3,1,0,0,0,0,0,0
"195",1160000,2012,170000,0,0,0,0,1,184,1.8,1,0,0,0,0,0,0
"196",1110000,2011,98000,0,0,0,0,1,231,3,1,0,0,0,0,0,0
"197",1320000,2011,110665,0,0,0,0,0,272,3.5,1,0,0,0,0,0,0
"198",1290000,2012,75000,0,0,0,0,1,184,1.8,1,0,0,0,0,0,0
"199",1270000,2012,97000,0,0,0,0,1,184,1.8,0,0,0,1,0,0,0
"200",1450000,2013,150000,0,0,0,0,1,184,2,1,0,0,0,0,0,0
"201",1470000,2010,61000,1,0,0,0,1,204,2.1,1,0,0,0,0,0,0
"202",1190000,2010,84000,0,0,0,0,1,204,1.8,0,0,0,1,0,0,0
"203",1250000,2011,90000,0,0,0,0,1,184,1.8,1,0,0,0,0,0,0
"204",1100000,2011,80776,0,0,0,0,1,184,1.8,1,0,0,0,0,0,0
"205",1500000,2012,71000,0,0,0,0,0,252,3.5,1,0,0,0,0,0,0
"206",1249000,2012,41000,0,0,0,0,1,184,1.8,1,0,0,0,0,0,0
"207",990000,2011,68000,0,0,0,0,1,184,1.8,1,0,0,0,0,0,0
"208",1100000,2012,115000,0,0,0,0,1,184,1.8,1,0,0,0,0,0,0
"209",1180000,2012,110000,0,0,0,0,1,184,1.8,1,0,0,0,0,0,0
"210",1370000,2011,17000,0,0,0,0,1,184,1.8,1,0,0,0,0,0,0
"211",1220000,2011,96000,0,0,0,0,1,184,1.8,1,0,0,0,0,0,0
"212",1195000,2012,81000,0,0,0,0,1,184,1.8,1,0,0,0,0,0,0
"213",1399999,2013,53000,0,0,0,0,1,184,1.8,1,0,0,0,0,0,0
"214",1100000,2010,61000,0,0,0,0,1,184,1.8,1,0,0,0,0,0,0
"215",1050000,2011,80000,0,0,0,0,1,184,1.8,1,0,0,0,0,0,0
"216",1420000,2013,40000,0,0,0,0,1,184,2,1,0,0,0,0,0,0
"217",1250000,2013,46000,0,0,0,0,1,184,1.8,1,0,0,0,0,0,0
"218",975000,2011,78000,0,0,0,0,1,184,1.8,1,0,0,0,0,0,0
"219",950000,2011,90700,0,0,0,0,1,184,1.8,1,0,0,0,0,0,0
"220",996000,2011,83000,0,0,0,0,1,184,1.8,1,0,0,0,0,0,0
"221",1045000,2011,86000,0,0,0,0,1,184,1.8,1,0,0,0,0,0,0
"222",980000,2010,164000,0,0,0,0,1,184,1.8,1,0,0,0,0,0,0
"223",1200000,2011,92000,0,0,0,0,1,184,1.8,1,0,0,0,0,0,0
"224",1250000,2010,46000,0,0,0,0,1,184,1.8,1,0,0,0,0,0,0
"225",1300000,2011,61500,0,0,0,0,1,204,1.8,1,0,0,0,0,0,0
"226",1500000,2011,72000,0,0,0,0,1,184,1.8,1,0,0,0,0,0,0
"227",1300000,2012,65300,0,0,0,0,1,184,1.8,0,0,0,1,0,0,0
"228",1035000,2011,74000,0,0,0,0,1,184,1.8,1,0,0,0,0,0,0
"229",1350000,2011,72750,0,0,0,0,0,272,3.5,1,0,0,0,0,0,0
"230",1175000,2010,104000,0,0,0,0,1,184,1.8,1,0,0,0,0,0,0
"231",1e+06,2010,110000,0,0,0,0,0,272,3.5,1,0,0,0,0,0,0
"232",1500000,2011,37000,0,0,0,0,1,231,3,1,0,0,0,0,0,0
"233",1400000,2011,60000,0,0,0,0,1,184,1.8,0,0,0,1,0,0,0
"234",1195000,2012,95000,0,0,0,0,1,184,1.8,1,0,0,0,0,0,0
"235",1495000,2013,75800,0,0,0,0,1,184,2,1,0,0,0,0,0,0
"236",1072000,2011,127000,0,0,0,0,1,184,1.8,1,0,0,0,0,0,0
"237",1250000,2010,84000,0,0,0,0,1,231,3,1,0,0,0,0,0,0
"238",1090000,2010,161000,0,0,0,0,0,272,3.5,1,0,0,0,0,0,0
"239",1270000,2011,80000,0,0,0,0,1,231,3,1,0,0,0,0,0,0
"240",1200000,2011,76671,0,0,0,0,1,184,1.8,1,0,0,0,0,0,0
"241",1220000,2011,75000,0,0,0,0,1,231,3,1,0,0,0,0,0,0
"242",1150000,2011,88000,0,0,0,0,1,184,1.8,1,0,0,0,0,0,0
"243",1500000,2011,76000,0,0,0,0,0,306,3.5,1,0,0,0,0,0,0
"244",1050000,2011,90000,0,0,0,0,0,272,3.5,1,0,0,0,0,0,0
"245",1417000,2012,54800,0,0,0,0,0,252,3.5,1,0,0,0,0,0,0
"246",1350000,2012,67000,0,0,0,0,1,184,1.8,1,0,0,0,0,0,0
"247",1400000,2012,65000,0,0,0,0,0,252,3.5,1,0,0,0,0,0,0
"248",899000,2011,86000,0,0,0,0,1,184,1.8,1,0,0,0,0,0,0
"249",1045000,2011,78000,0,0,0,0,1,184,1.8,1,0,0,0,0,0,0
"250",1200000,2012,64000,0,0,0,0,1,184,1.8,1,0,0,0,0,0,0
"251",1050000,2010,130000,0,0,0,0,1,184,1.8,1,0,0,0,0,0,0
"252",1175000,2010,128000,0,0,0,0,0,272,3.5,1,0,0,0,0,0,0
"253",1270000,2011,73030,0,0,0,0,1,184,1.8,1,0,0,0,0,0,0
"254",1290000,2011,65000,0,0,0,0,1,184,1.8,1,0,0,0,0,0,0
"255",1450000,2012,67500,0,0,0,0,1,204,1.8,0,0,0,1,0,0,0
"256",895000,2010,170000,0,0,0,0,1,184,1.8,1,0,0,0,0,0,0
"257",1200000,2011,56954,0,0,0,0,1,204,1.8,0,0,0,1,0,0,0
"258",1050000,2011,127000,0,0,0,0,1,184,1.8,1,0,0,0,0,0,0
"259",1200000,2011,150000,0,0,0,0,1,204,1.8,0,0,0,1,0,0,0
"260",1337000,2012,48000,0,0,0,0,1,184,1.8,0,0,0,1,0,0,0
"261",1200000,2012,41000,0,0,0,0,1,184,1.8,0,0,0,1,0,0,0
"262",1420000,2012,96000,0,0,0,0,1,184,1.8,1,0,0,0,0,0,0
"263",950000,2010,110000,0,0,0,0,1,204,1.8,0,0,0,1,0,0,0
"264",1320000,2012,90000,0,0,0,0,1,184,1.8,1,0,0,0,0,0,0
"265",1420000,2012,87500,0,0,0,0,0,252,3.5,1,0,0,0,0,0,0
"266",1350000,2012,77000,0,0,0,0,1,184,1.8,1,0,0,0,0,0,0
"267",1300000,2010,56000,0,0,0,0,1,184,1.8,1,0,0,0,0,0,0
"268",1150000,2010,50000,0,0,0,0,1,184,1.8,1,0,0,0,0,0,0
"269",1120000,2011,80000,0,0,0,0,1,184,1.8,1,0,0,0,0,0,0
"270",1250000,2011,93000,0,0,0,0,0,292,3.5,1,0,0,0,0,0,0
"271",1080000,2011,78000,0,0,0,0,0,272,3.5,1,0,0,0,0,0,0
"272",1140000,2011,83000,0,0,0,0,1,184,1.8,1,0,0,0,0,0,0
"273",1395000,2011,87000,0,0,0,0,0,272,3.5,1,0,0,0,0,0,0
"274",1200000,2011,112000,0,0,0,0,1,184,1.8,0,0,0,1,0,0,0
"275",1350000,2013,64000,0,0,0,0,1,184,1.8,0,0,0,1,0,0,0
"276",1290000,2012,69000,0,0,0,0,1,184,1.8,1,0,0,0,0,0,0
"277",1200000,2012,59000,0,0,0,0,1,184,1.8,1,0,0,0,0,0,0
"278",1070000,2010,54000,0,0,0,0,1,204,1.8,0,0,0,1,0,0,0
"279",950000,2010,135000,0,0,0,0,1,184,1.8,1,0,0,0,0,0,0
"280",1230000,2010,50000,0,0,0,0,1,204,1.8,0,0,0,1,0,0,0
"281",1400000,2012,69000,0,0,0,0,1,204,1.8,0,0,0,1,0,0,0
"282",1100000,2012,136400,0,0,0,0,1,184,1.8,1,0,0,0,0,0,0
"283",1250000,2010,110000,0,0,0,0,0,272,3.5,1,0,0,0,0,0,0
"284",1e+06,2010,1e+05,0,0,0,0,1,184,1.8,1,0,0,0,0,0,0
"285",990000,2010,110000,0,0,0,0,1,184,1.8,1,0,0,0,0,0,0
"286",1350000,2011,94000,1,0,0,0,0,204,2.1,0,0,1,0,0,0,0
"287",1180000,2011,58000,0,0,0,0,1,184,1.8,0,0,0,1,0,0,0
"288",1100000,2011,67000,0,0,0,0,1,184,1.8,0,0,0,1,0,0,0
"289",1040000,2011,120000,0,0,0,0,1,184,1.8,1,0,0,0,0,0,0
"290",1070000,2010,90000,0,0,0,0,1,184,1.8,1,0,0,0,0,0,0
"291",1120000,2011,102000,0,0,0,0,1,184,1.8,1,0,0,0,0,0,0
"292",1130000,2011,95000,0,0,0,0,0,272,3.5,1,0,0,0,0,0,0
"293",1075000,2011,112000,0,0,0,0,1,184,1.8,1,0,0,0,0,0,0
"294",1350000,2011,98000,0,0,0,0,0,272,3.5,1,0,0,0,0,0,0
"295",1e+06,2010,92567,0,0,0,0,1,184,1.8,0,0,0,1,0,0,0
"296",1300000,2011,75000,0,0,0,0,0,272,3.5,1,0,0,0,0,0,0
"297",1120000,2010,64000,0,0,0,0,1,204,1.8,0,0,0,1,0,0,0
"298",1150000,2010,62000,0,0,0,0,1,184,1.8,0,0,0,1,0,0,0
"299",1075000,2010,120000,0,0,0,0,0,272,3.5,1,0,0,0,0,0,0
"300",950000,2010,127000,0,0,0,0,1,184,1.8,1,0,0,0,0,0,0
"301",965000,2010,149170,0,0,0,0,1,184,1.8,1,0,0,0,0,0,0
"302",940000,2010,123000,0,0,0,0,1,184,1.8,1,0,0,0,0,0,0
"303",1250000,2011,80000,0,0,0,0,1,184,1.8,0,0,0,1,0,0,0
"304",1400000,2011,113500,1,0,0,0,0,204,2.1,0,0,1,0,0,0,0
"305",1230000,2011,79000,0,0,0,0,1,204,1.8,0,0,0,1,0,0,0
"306",1250000,2010,101000,1,0,0,0,0,231,3,1,0,0,0,0,0,0
"307",1050000,2011,131000,0,0,0,0,1,184,1.8,1,0,0,0,0,0,0
"308",1190000,2011,120840,0,0,0,0,1,184,1.8,1,0,0,0,0,0,0
"309",1200000,2011,130000,0,0,0,0,0,272,3.5,1,0,0,0,0,0,0
"310",1370000,2011,125000,0,0,0,0,0,272,3.5,1,0,0,0,0,0,0
"311",1230000,2011,121000,0,0,0,0,1,245,3,1,0,0,0,0,0,0
"312",850000,2010,169000,0,0,0,0,1,184,1.8,1,0,0,0,0,0,0
"313",1200000,2011,105200,0,0,0,0,1,184,1.8,1,0,0,0,0,0,0
"314",1385000,2011,98000,0,0,0,0,0,272,3.5,1,0,0,0,0,0,0
"315",1100000,2011,96000,0,0,0,0,1,184,1.8,1,0,0,0,0,0,0
"316",1250000,2010,1e+05,0,0,0,0,0,272,3.5,0,0,1,0,0,0,0
"317",1100000,2010,79000,0,0,0,0,1,184,1.8,0,0,0,1,0,0,0
"318",1120000,2010,75000,0,0,0,0,1,204,1.8,0,0,0,1,0,0,0
"319",1300000,2011,97800,0,0,0,0,1,184,1.8,0,0,0,1,0,0,0
"320",1230000,2012,54500,0,0,0,0,1,184,1.8,1,0,0,0,0,0,0
"321",1400000,2012,53160,0,0,0,0,1,184,1.8,1,0,0,0,0,0,0
"322",974000,2011,166000,0,0,0,0,1,184,1.8,1,0,0,0,0,0,0
"323",1125000,2010,120000,0,0,0,0,1,231,3,1,0,0,0,0,0,0
"324",1050000,2010,121000,0,0,0,0,1,184,1.8,1,0,0,0,0,0,0
"325",1290000,2010,98000,0,0,0,0,0,272,3.5,1,0,0,0,0,0,0
"326",1150000,2010,97000,0,0,0,0,1,231,3,1,0,0,0,0,0,0
"327",1400000,2012,66000,0,0,0,0,0,184,1.8,1,0,0,0,0,0,0
"328",1350000,2010,106000,1,0,0,0,1,231,3,0,0,0,1,0,0,0
"329",1200000,2010,155500,0,0,0,0,1,231,3,1,0,0,0,0,0,0
"330",850000,2010,270000,0,0,0,0,1,184,1.8,1,0,0,0,0,0,0
"331",999000,2011,190000,0,0,0,0,1,204,1.8,0,0,0,1,0,0,0
"332",1050000,2010,180000,0,0,0,0,0,272,3.5,1,0,0,0,0,0,0
"333",1112500,2011,44000,0,0,0,1,0,184,1.8,1,0,0,0,0,0,0
"334",1097200,2011,87000,0,0,0,1,0,184,1.8,1,0,0,0,0,0,0
"335",1155555,2011,75000,0,0,0,0,0,272,3.5,1,0,0,0,0,0,0
"336",1200000,2010,17000,0,0,0,0,1,204,2.5,1,0,0,0,0,0,0
"337",1e+06,2010,79000,0,0,0,0,1,184,1.8,1,0,0,0,0,0,0
"338",915000,2010,170000,0,0,0,0,1,184,2,1,0,0,0,0,0,0
"339",1398000,2011,77000,0,0,0,0,0,184,3.5,1,0,0,0,0,0,0
"340",1055000,2010,82000,0,0,0,0,1,184,1.8,1,0,0,0,0,0,0
"341",950000,2010,95000,0,0,0,0,1,184,1.8,1,0,0,0,0,0,0
"342",1300000,2010,159000,0,0,0,0,1,231,3,1,0,0,0,0,0,0
"343",975000,2011,138000,0,0,0,0,1,184,1.8,1,0,0,0,0,0,0
"344",1350000,2011,88000,0,0,0,0,0,272,3.5,1,0,0,0,0,0,0
"345",1070000,2010,78000,0,0,0,0,0,272,3.5,1,0,0,0,0,0,0
"346",1033300,2012,89000,0,0,0,0,1,184,1.8,1,0,0,0,0,0,0
"347",1299999,2011,74000,0,0,0,0,1,184,1.8,1,0,0,0,0,0,0
"348",1110000,2010,116000,0,0,0,0,1,204,1.8,1,0,0,0,0,0,0
"349",1048000,2011,78000,1,0,0,0,1,170,2.1,1,0,0,0,0,0,0
"350",1180000,2010,161000,0,0,0,0,0,272,3.5,1,0,0,0,0,0,0
"351",950000,2010,110000,0,0,0,0,1,204,1.8,1,0,0,0,0,0,0
"352",1299000,2011,71000,0,0,0,0,1,204,1.8,1,0,0,0,0,0,0
"353",999950,2011,104000,0,0,0,0,1,184,1.8,1,0,0,0,0,0,0
"354",1315000,2012,69000,0,0,0,0,1,184,1.8,1,0,0,0,0,0,0
"355",1048000,2011,76000,0,0,0,0,1,204,1.8,1,0,0,0,0,0,0
"356",930000,2010,117000,0,0,0,0,1,184,1.8,1,0,0,0,0,0,0
"357",1299000,2013,49000,0,0,0,0,1,184,1.8,1,0,0,0,0,0,0
"358",1168000,2011,82000,0,0,0,0,1,184,1.8,1,0,0,0,0,0,0
"359",1480000,2013,105000,0,0,0,0,1,184,2,1,0,0,0,0,0,0
